,Total_Driving_Efficiency_RANK THIS WEEK,Total_Driving_Efficiency_RANK LAST WEEK,Total_Driving_Efficiency_PLAYER NAME,Total_Driving_Efficiency_ROUNDS,Total_Driving_Efficiency_COMBINED RANK,Total_Driving_Efficiency_CARRY EFFICIENCY RANK,Total_Driving_Efficiency_TOTAL DIST. EFFIC. RANK
0,1,1,Mark Wilson,87,3,2,1
1,2,2,John Daly,63,10,1,9
2,3,3,Aron Price,70,16,13,3
3,T4,T4,Heath Slocum,97,17,11,6
4,T4,T4,David Toms,86,17,15,2
5,6,6,John Merrick,109,18,8,10
6,7,7,Rory McIlroy,54,25,15,10
7,8,8,Zach Johnson,93,28,13,15
8,9,9,Bo Van Pelt,104,29,24,5
9,10,10,John Mallinger,78,36,19,17
10,11,11,Kenny Perry,69,37,29,8
11,12,12,Joe Ogilvie,99,41,17,24
12,13,13,Jeff Maggert,76,42,38,4
13,T14,T14,Billy Mayfair,78,44,22,22
14,T14,T14,Vijay Singh,75,44,20,24
15,16,16,Troy Matteson,84,49,10,39
16,T17,T17,J.B. Holmes,100,53,5,48
17,T17,T17,Andres Romero,73,53,3,50
18,19,19,Paul Casey,64,56,27,29
19,T20,T20,J.P. Hayes,79,57,44,13
20,T20,T20,D.J. Trahan,92,57,37,20
21,T22,T22,Rory Sabbatini,79,61,35,26
22,T22,T22,Vaughn Taylor,87,61,24,37
23,24,24,Ben Crane,85,62,23,39
24,25,25,John Rollins,81,63,41,22
25,26,26,Mathias Grönberg,61,64,33,31
26,27,27,Brian Stuard,81,70,55,15
27,28,28,Brandt Snedeker,89,78,32,46
28,T29,T29,Greg Kraft,52,80,47,33
29,T29,T29,Jerod Turner,54,80,67,13
30,31,31,Ryan Palmer,84,83,4,79
31,32,32,Mark Calcavecchia,50,85,24,61
32,T33,T33,Jerry Kelly,99,86,76,10
33,T33,T33,Roger Tambellini,77,86,39,47
34,T35,T35,Carl Pettersson,99,88,70,18
35,T35,T35,Roland Thatcher,72,88,35,53
36,37,37,Kris Blanks,91,89,55,34
37,38,38,Tim Herron,79,90,48,42
38,T39,T39,Dustin Johnson,83,91,17,74
39,T39,T39,Kevin Sutherland,86,91,30,61
40,T41,T41,Brian Davis,101,94,55,39
41,T41,T41,Jeff Gove,57,94,68,26
42,43,43,Derek Lamely,81,95,8,87
43,44,44,Ted Purdy,86,96,11,85
44,45,45,Padraig Harrington,57,100,21,79
45,46,46,Steve Stricker,73,104,44,60
46,47,47,Jason Day,82,110,54,56
47,48,48,Scott Piercy,88,111,6,105
48,49,49,Paul Stankowski,62,112,33,79
49,50,50,Michael Connell,89,116,59,57
50,51,51,Will MacKenzie,72,120,30,90
51,T52,T52,Rich Barcelo,70,121,64,57
52,T52,T52,Ángel Cabrera,64,121,71,50
53,54,54,Josh Teater,101,122,44,78
54,55,55,Robert Allenby,76,126,84,42
55,T56,T56,Stewart Cink,84,129,50,79
56,T56,T56,Chris DiMarco,88,129,50,79
57,T58,T58,Jarrod Lyle,54,131,96,35
58,T58,T58,Y.E. Yang,72,131,103,28
59,60,60,Cliff Kresge,50,132,126,6
60,61,61,Chris Stroud,90,133,80,53
61,62,62,Martin Laird,91,135,86,49
62,63,63,Cameron Percy,73,136,41,95
63,T64,T64,Bill Lunde,79,138,59,79
64,T64,T64,Hunter Mahan,85,138,96,42
65,66,66,Ryan Moore,80,139,86,53
66,67,67,Tim Clark,88,143,123,20
67,68,68,Steve Wheatcroft,74,148,129,19
68,69,69,Geoff Ogilvy,62,149,50,99
69,70,70,Chris Tidland,77,150,89,61
70,T71,T71,K.J. Choi,82,155,119,36
71,T71,T71,Rickie Fowler,98,155,43,112
72,T71,T71,Webb Simpson,98,155,94,61
73,74,74,Brett Wetterich,54,156,118,38
74,75,75,Rocco Mediate,71,159,74,85
75,T76,T76,David Lutterus,69,163,89,74
76,T76,T76,Steve Marino,81,163,27,136
77,T78,T78,Ernie Els,72,164,103,61
78,T78,T78,Phil Mickelson,76,164,7,157
79,T80,T80,Spencer Levin,110,165,96,69
80,T80,T80,Jay Williamson,76,165,136,29
81,82,82,Davis Love III,79,167,40,127
82,83,83,Boo Weekley,88,171,110,61
83,84,84,Chris Wilson,65,172,48,124
84,85,85,Alex Cejka,81,173,63,110
85,86,86,Craig Bowden,56,175,107,68
86,87,87,Jason Bohn,84,176,71,105
87,88,88,Nicholas Thompson,88,177,55,122
88,89,89,Justin Bolli,55,179,91,88
89,T90,T90,Jeff Overton,89,181,71,110
90,T90,T90,Jeff Quinney,91,181,150,31
91,92,92,Paul Goydos,78,184,142,42
92,T93,T93,Henrik Bjornstad,72,190,114,76
93,T93,T93,Jonathan Byrd,85,190,68,122
94,T93,T93,Camilo Villegas,78,190,114,76
95,96,96,Brenden Pappas,66,191,79,112
96,97,97,Justin Rose,78,192,91,101
97,98,98,Mathew Goggin,85,193,76,117
98,T99,T99,Retief Goosen,75,195,100,95
99,T99,T99,Kevin Johnson,62,195,100,95
100,101,101,Alex Prugh,88,196,82,114
101,T102,T102,Lucas Glover,75,197,147,50
102,T102,T102,Kevin Stadler,86,197,64,133
103,104,104,Matt Kuchar,97,200,131,69
104,105,105,Blake Adams,84,203,110,93
105,106,106,Martin Flores,75,204,103,101
106,107,107,George McNeill,79,207,80,127
107,108,108,Jim Furyk,76,208,149,59
108,109,109,Steve Lowery,67,209,100,109
109,110,110,Marc Leishman,87,210,76,134
110,T111,T111,Jason Dufner,87,211,142,69
111,T111,T111,Lee Janzen,77,211,107,104
112,113,113,Graham DeLaet,88,212,64,148
113,114,114,Brett Quigley,96,213,50,163
114,T115,T115,Omar Uresti,74,214,119,95
115,T115,T115,Garrett Willis,82,214,114,100
116,117,117,Ben Curtis,78,216,86,130
117,118,118,Brian Gay,101,219,150,69
118,T119,T119,Brendon de Jonge,114,228,113,115
119,T119,T119,Robert Garrigus,71,228,82,146
120,T119,T119,Garth Mulroy,53,228,62,166
121,122,122,Cameron Beckman,68,231,128,103
122,123,123,Chris Riley,73,233,172,61
123,124,124,Michael Letzig,84,234,114,120
124,125,125,Ian Poulter,55,236,93,143
125,126,126,Charles Warren,64,237,59,178
126,127,127,Cameron Tringale,55,238,119,119
127,128,128,Sean O'Hair,84,242,96,146
128,129,129,Scott Verplank,74,244,171,73
129,130,130,Nick Watney,91,245,140,105
130,131,131,Justin Leonard,89,247,155,92
131,T132,T132,Troy Merritt,86,250,107,143
132,T132,T132,Bubba Watson,77,250,133,117
133,134,134,Tom Pernice Jr.,74,251,124,127
134,135,135,David Duval,71,253,112,141
135,136,136,Skip Kendall,58,255,131,124
136,137,137,Daniel Chopra,74,257,94,163
137,138,138,Ryuji Imada,90,258,124,134
138,T139,T139,Chad Campbell,94,260,136,124
139,T139,T139,Tim Petrovic,105,260,145,115
140,141,141,Steve Elkington,74,261,140,121
141,142,142,Andrew McLardy,52,265,74,191
142,143,143,D.A. Points,90,269,130,139
143,144,144,Stephen Ames,75,270,182,88
144,145,145,Aaron Baddeley,94,273,84,189
145,146,146,Shaun Micheel,70,276,183,93
146,147,147,Brad Faxon,58,277,187,90
147,148,148,Greg Owen,69,278,136,142
148,149,149,Matt Jones,89,282,103,179
149,150,150,Bob Estes,79,291,186,105
150,151,151,Stuart Appleby,101,293,134,159
151,152,152,Dean Wilson,54,294,164,130
152,153,153,Bryce Molder,84,295,159,136
153,154,154,Charley Hoffman,85,296,126,170
154,155,155,Sergio Garcia,58,299,119,180
155,156,156,Matt Every,60,302,136,166
156,157,157,Matt Bettencourt,91,304,165,139
157,158,158,Brent Delahoussaye,57,305,169,136
158,159,159,Scott McCarron,90,310,134,176
159,T160,T160,Luke Donald,71,312,147,165
160,T160,T160,Freddie Jacobson,83,312,180,132
161,T160,T160,Pat Perez,90,312,150,162
162,T163,T163,Michael Bradley,77,315,159,156
163,T163,T163,Kevin Streelman,90,315,158,157
164,T163,T163,Johnson Wagner,85,315,167,148
165,T166,T166,Briny Baird,87,318,165,153
166,T166,T166,Charlie Wi,95,318,159,159
167,168,168,Charles Howell III,103,322,179,143
168,T169,T169,Greg Chalmers,93,323,172,151
169,T169,T169,Steve Flesch,78,323,168,155
170,171,171,James Nitties,92,324,176,148
171,172,172,Michael Sim,64,325,150,175
172,T173,T173,Woody Austin,93,326,154,172
173,T173,T173,J.J. Henry,92,326,156,170
174,175,175,Bill Haas,87,329,156,173
175,176,176,Jimmy Walker,82,330,142,188
176,177,177,Vance Veazey,58,331,177,154
177,T178,T178,Chad Collins,87,335,174,161
178,T178,T178,Adam Scott,70,335,145,190
179,180,180,Rod Pampling,77,338,170,168
180,181,181,Tom Gillis,97,340,188,152
181,182,182,Jeev Milkha Singh,59,342,174,168
182,T183,T183,Richard Johnson,90,344,163,181
183,T183,T183,John Senden,103,344,159,185
184,185,185,Nathan Green,86,357,184,173
185,186,186,James Driscoll,78,361,178,183
186,187,187,Joe Durant,67,366,184,182
187,188,188,Kevin Na,94,368,191,177
188,189,189,Chris Couch,66,373,181,192
189,190,190,Mike Weir,59,374,190,184
190,191,191,Ricky Barnes,103,375,188,187
191,192,192,Trevor Immelman,55,377,192,185
