,Ball_Striking_RANK THIS WEEK,Ball_Striking_RANK LAST WEEK,Ball_Striking_PLAYER NAME,Ball_Striking_ROUNDS,Ball_Striking_VALUE,Ball_Striking_TOTAL DRV RANK,Ball_Striking_GIR RANK
0,1,1,Joe Durant,85,6,5,1
1,2,2,John Senden,99,8,2,6
2,3,3,Robert Allenby,93,19,11,8
3,4,4,Tom Lehman,70,22,19,3
4,T5,T5,Lucas Glover,95,41,3,38
5,T5,T5,Vaughn Taylor,84,41,18,23
6,T7,T7,Craig Barlow,80,42,8,34
7,T7,T7,Bo Van Pelt,107,42,10,32
8,T9,T9,Bart Bryant,73,43,30,13
9,T9,T9,Ted Purdy,114,43,3,40
10,11,11,Phil Mickelson,83,44,34,10
11,T12,T12,Briny Baird,100,45,40,5
12,T12,T12,Olin Browne,92,45,33,12
13,T14,T14,Roland Thatcher,66,49,22,27
14,T14,T14,Duffy Waldorf,79,49,40,9
15,T14,T14,Mark Wilson,62,49,35,14
16,17,17,Zach Johnson,109,50,21,29
17,18,18,Joey Sindelar,100,52,16,36
18,T19,T19,Vijay Singh,112,54,52,2
19,T19,T19,Chris Smith,105,54,47,7
20,21,21,Kenny Perry,79,55,37,18
21,22,22,Jason Bohn,98,57,7,50
22,23,23,Cameron Beckman,99,59,14,45
23,24,24,J.J. Henry,103,61,5,56
24,25,25,Kent Jones,99,62,23,39
25,T26,T26,Brian Bateman,84,63,9,54
26,T26,T26,Geoff Ogilvy,91,63,14,49
27,28,28,Jeff Brehaut,106,65,1,64
28,29,29,Retief Goosen,56,71,54,17
29,30,30,John Huston,62,77,61,16
30,31,31,Woody Austin,94,84,59,25
31,32,32,Stephen Ames,97,85,61,24
32,33,33,Scott Verplank,92,87,67,20
33,34,34,Arron Oberholser,77,89,45,44
34,T35,T35,Pat Perez,102,90,24,66
35,T35,T35,Tom Pernice Jr.,103,90,40,50
36,37,37,Jonathan Kaye,79,92,35,57
37,38,38,Notah Begay III,71,93,27,66
38,39,39,J.L. Lewis,106,98,40,58
39,T40,T40,Luke Donald,72,100,89,11
40,T40,T40,Steve Elkington,64,100,30,70
41,42,42,Billy Mayfair,109,101,26,75
42,43,43,Jay Williamson,100,102,13,89
43,T44,T44,Harrison Frazar,86,106,12,94
44,T44,T44,Scott McCarron,88,106,16,90
45,T44,T44,Kirk Triplett,88,106,72,34
46,T47,T47,Scott Hoch,52,108,89,19
47,T47,T47,Heath Slocum,92,108,67,41
48,T49,T49,Steve Allan,102,113,61,52
49,T49,T49,Chad Campbell,100,113,82,31
50,T49,T49,Jeff Maggert,60,113,76,37
51,52,52,Brent Geiberger,94,114,29,85
52,53,53,Sergio Garcia,65,115,111,4
53,54,54,Ryan Palmer,103,116,28,88
54,55,55,Hidemichi Tanaka,89,118,47,71
55,56,56,Jerry Kelly,113,121,93,28
56,T57,T57,David Branshaw,84,126,61,65
57,T57,T57,Rocco Mediate,53,126,40,86
58,59,59,Danny Briggs,85,129,103,26
59,60,60,Robert Gamez,103,132,50,82
60,61,61,Tiger Woods,78,133,85,48
61,62,62,Mark Calcavecchia,79,135,32,103
62,63,63,D.J. Brigman,79,140,60,80
63,64,64,Frank Lickliter II,89,142,37,105
64,T65,T65,Charles Howell III,104,144,70,74
65,T65,T65,Jeff Sluman,98,144,129,15
66,67,67,Justin Rose,77,151,118,33
67,T68,T68,Tim Clark,84,153,74,79
68,T68,T68,Justin Leonard,90,153,80,73
69,T70,T70,Stuart Appleby,84,155,58,97
70,T70,T70,John Daly,79,155,95,60
71,T70,T70,Jason Dufner,79,155,89,66
72,73,73,Shaun Micheel,93,166,120,46
73,T74,T74,John Cook,57,167,109,58
74,T74,T74,Fred Couples,54,167,105,62
75,T74,T74,Carlos Franco,99,167,145,22
76,T74,T74,Richard Johnson,102,167,56,111
77,78,78,David Toms,80,169,148,21
78,79,79,Davis Love III,85,172,56,116
79,80,80,Matt Kuchar,83,173,82,91
80,81,81,Rich Beem,81,175,46,129
81,T82,T82,Chris DiMarco,105,176,133,43
82,T82,T82,Mike Heinen,53,176,20,156
83,84,84,Fred Funk,97,179,93,86
84,T85,T85,Pat Bates,99,180,117,63
85,T85,T85,Rod Pampling,98,180,111,69
86,87,87,Matt Gogel,86,181,39,142
87,88,88,Kevin Sutherland,86,182,47,135
88,89,89,Patrick Sheehan,113,186,85,101
89,90,90,John Rollins,90,187,25,162
90,91,91,Lee Janzen,84,188,158,30
91,92,92,Ernie Els,62,194,111,83
92,93,93,Adam Scott,55,195,111,84
93,94,94,Loren Roberts,81,196,142,54
94,95,95,Hunter Mahan,94,199,69,130
95,96,96,Tommy Armour III,87,201,103,98
96,97,97,Dennis Paulson,71,202,52,150
97,98,98,Russ Cochran,61,204,151,53
98,T99,T99,José Coceres,68,205,65,140
99,T99,T99,Kevin Na,100,205,98,107
100,T99,T99,Tag Ridings,53,205,89,116
101,102,102,Mark Hensby,97,207,66,141
102,T103,T103,Spike McRoy,93,209,107,102
103,T103,T103,Brett Quigley,102,209,131,78
104,105,105,Deane Pappas,72,215,78,137
105,T106,T106,Daniel Chopra,108,217,95,122
106,T106,T106,Roger Tambellini,81,217,74,143
107,108,108,Stewart Cink,103,218,157,61
108,T109,T109,John Riegger,53,220,178,42
109,T109,T109,Rory Sabbatini,89,220,120,100
110,T111,T111,Jay Haas,84,221,174,47
111,T111,T111,Neal Lancaster,106,221,145,76
112,113,113,Brian Kortan,65,224,54,170
113,T114,T114,Tom Byrum,83,225,95,130
114,T114,T114,Tim Herron,84,225,129,96
115,T116,T116,Rich Barcelo,67,228,116,112
116,T116,T116,Andre Stolz,53,228,79,149
117,118,118,Jonathan Byrd,85,230,50,180
118,T119,T119,Steve Flesch,109,231,150,81
119,T119,T119,Steve Pate,71,231,132,99
120,121,121,Carl Pettersson,100,232,124,108
121,122,122,Robert Damron,92,233,107,126
122,T123,T123,Jay Delsing,76,235,125,110
123,T123,T123,Jesper Parnevik,86,235,163,72
124,125,125,Darren Clarke,54,238,118,120
125,126,126,Dudley Hart,60,239,148,91
126,127,127,J.P. Hayes,79,242,109,133
127,T128,T128,Kris Cox,73,243,71,172
128,T128,T128,Skip Kendall,99,243,85,158
129,130,130,Scott Hend,81,244,85,159
130,131,131,Stephen Leaney,84,246,142,104
131,132,132,Glen Day,101,248,72,176
132,133,133,Alex Cejka,76,249,122,127
133,T134,T134,Craig Bowden,83,250,98,152
134,T134,T134,Scott Simpson,55,250,81,169
135,T136,T136,Peter Lonard,68,251,98,153
136,T136,T136,Tim Petrovic,111,251,115,136
137,T138,T138,Ben Crane,92,253,135,118
138,T138,T138,Mike Weir,75,253,158,95
139,140,140,Hank Kuehne,91,256,101,155
140,141,141,K.J. Choi,83,257,180,77
141,142,142,Dicky Pride,66,261,101,160
142,143,143,Hirofumi Miyase,65,263,76,187
143,T144,T144,Chris Couch,55,265,82,183
144,T144,T144,Danny Ellis,81,265,140,125
145,T144,T144,Omar Uresti,85,265,105,160
146,147,147,Bernhard Langer,59,268,175,93
147,148,148,Michael Allen,87,273,158,115
148,149,149,Tom Carter,113,275,122,153
149,150,150,Brenden Pappas,111,276,125,151
150,151,151,Mathias Grönberg,91,281,137,144
151,152,152,Shigeki Maruyama,93,286,178,108
152,T153,T153,Joe Ogilvie,104,289,144,145
153,T153,T153,Bob Tway,90,289,183,106
154,155,155,David Peoples,82,290,169,121
155,156,156,Steve Lowery,91,292,169,123
156,T157,T157,Ben Curtis,56,293,155,138
157,T157,T157,Corey Pavin,83,293,125,168
158,T157,T157,Grant Waite,79,293,161,132
159,160,160,Freddie Jacobson,83,295,182,113
160,161,161,David Frost,78,299,171,128
161,T162,T162,Billy Andrade,104,300,186,114
162,T162,T162,Bob Estes,73,300,181,119
163,164,164,Tripp Isenhour,55,302,163,139
164,165,165,Arjun Atwal,85,303,140,163
165,T166,T166,Guy Boros,64,307,125,182
166,T166,T166,Dan Forsman,79,307,161,146
167,168,168,Gene Sauers,83,308,137,171
168,169,169,Blaine McCallister,68,310,176,134
169,170,170,Niclas Fasth,61,312,133,179
170,T171,T171,Todd Fischer,104,313,189,124
171,T171,T171,Dan Olsen,75,313,135,178
172,173,173,Bob Burns,88,322,155,167
173,174,174,Craig Perks,75,323,176,147
174,175,175,David Morland IV,73,325,137,188
175,176,176,Mark O'Meara,58,332,166,166
176,T177,T177,Paul Azinger,75,337,190,147
177,T177,T177,Len Mattiace,75,337,145,192
178,179,179,Greg Chalmers,70,339,154,185
179,180,180,Esteban Toledo,92,340,152,188
180,T181,T181,Brian Gay,96,344,167,177
181,T181,T181,Nick Price,51,344,152,192
182,183,183,Dean Wilson,99,345,172,173
183,184,184,Todd Hamilton,92,347,190,157
184,185,185,Mark Brooks,72,355,165,190
185,186,186,Chris Riley,78,357,192,165
186,187,187,Cliff Kresge,89,358,172,186
187,188,188,Kevin Muncrief,50,359,167,192
188,T189,T189,José María Olazábal,56,360,196,164
189,T189,T189,Tommy Tolles,67,360,185,175
190,191,191,Ken Duke,89,361,187,174
191,192,192,Craig Parry,52,372,188,184
192,193,193,Brad Faxon,94,375,194,181
193,194,194,Aaron Baddeley,87,379,184,195
194,195,195,Steve Stricker,81,386,195,191
195,196,196,David Gossett,57,389,193,196
