,Ball_Striking_RANK THIS WEEK,Ball_Striking_RANK LAST WEEK,Ball_Striking_PLAYER NAME,Ball_Striking_ROUNDS,Ball_Striking_VALUE,Ball_Striking_TOTAL DRV RANK,Ball_Striking_GIR RANK
0,1,1,Boo Weekley,74,6,1,5
1,2,2,Jason Dufner,83,12,4,8
2,3,3,Hunter Mahan,88,14,2,12
3,T4,T4,Justin Rose,69,16,15,1
4,T4,T4,Lee Westwood,60,16,13,3
5,6,6,Louis Oosthuizen,65,22,7,15
6,7,7,John Merrick,83,23,13,10
7,8,8,John Senden,81,27,11,16
8,9,9,Will Claxton,99,30,19,11
9,10,10,Billy Horschel,63,31,17,14
10,11,11,Bubba Watson,68,33,31,2
11,12,12,Tiger Woods,69,35,6,29
12,T13,T13,Roberto Castro,92,36,18,18
13,T13,T13,Kevin Stadler,85,36,10,26
14,15,15,Bo Van Pelt,84,43,3,40
15,16,16,Russell Knox,72,50,44,6
16,17,17,Josh Teater,97,54,23,31
17,18,18,Richard Lee,71,56,36,20
18,19,19,Robert Garrigus,89,59,52,7
19,20,20,Sean O'Hair,84,62,41,21
20,T21,T21,Keegan Bradley,90,63,11,52
21,T21,T21,Greg Owen,90,63,46,17
22,23,23,Camilo Villegas,79,64,60,4
23,24,24,Harris English,98,65,38,27
24,25,25,Brendon de Jonge,115,67,59,8
25,26,26,Kyle Stanley,86,68,27,41
26,27,27,Graham DeLaet,79,69,23,46
27,28,28,Seung-Yul Noh,105,72,39,33
28,29,29,Cameron Tringale,88,77,29,48
29,30,30,Adam Scott,59,78,28,50
30,31,31,Charley Hoffman,88,80,19,61
31,32,32,John Rollins,81,81,9,72
32,33,33,John Huh,99,82,25,57
33,34,34,Charlie Beljan,61,90,34,56
34,35,35,Jim Furyk,85,97,74,23
35,T36,T36,Ryan Moore,89,100,39,61
36,T36,T36,Heath Slocum,93,100,76,24
37,T38,T38,J.J. Henry,93,101,79,22
38,T38,T38,Graeme McDowell,55,101,34,67
39,T38,T38,Vijay Singh,99,101,32,69
40,41,41,Roland Thatcher,55,105,80,25
41,T42,T42,Jeff Overton,101,106,43,63
42,T42,T42,Scott Stallings,78,106,47,59
43,44,44,Kyle Reifers,86,109,76,33
44,45,45,Daniel Summerhays,81,110,82,28
45,T46,T46,Blake Adams,107,111,33,78
46,T46,T46,Gary Christian,91,111,69,42
47,T48,T48,Ben Curtis,62,113,100,13
48,T48,T48,Rickie Fowler,84,113,15,98
49,T48,T48,Kevin Streelman,89,113,44,69
50,51,51,Rory McIlroy,60,114,54,60
51,52,52,Bill Haas,79,115,22,93
52,53,53,Kris Blanks,65,117,72,45
53,54,54,Brandt Jobe,57,118,8,110
54,55,55,Nick Watney,97,122,64,58
55,T56,T56,Henrik Stenson,51,128,41,87
56,T56,T56,Steve Stricker,73,128,109,19
57,58,58,D.J. Trahan,73,131,54,77
58,59,59,Pat Perez,81,132,36,96
59,60,60,Bobby Gates,87,134,49,85
60,61,61,Jeff Maggert,83,135,52,83
61,T62,T62,Martin Laird,77,136,47,89
62,T62,T62,John Mallinger,74,136,82,54
63,64,64,Dustin Johnson,70,137,56,81
64,65,65,Chris Couch,61,138,4,134
65,66,66,Bud Cauley,99,140,89,51
66,T67,T67,Ryan Palmer,81,145,51,94
67,T67,T67,Chez Reavie,83,145,72,73
68,69,69,Webb Simpson,77,146,114,32
69,70,70,Brendan Steele,77,147,58,89
70,71,71,Brian Harman,101,148,21,127
71,72,72,Chris Kirk,93,149,101,48
72,73,73,Matt Kuchar,86,150,64,86
73,74,74,Scott Piercy,95,151,69,82
74,75,75,Chad Campbell,84,154,115,39
75,T76,T76,Sergio Garcia,57,155,56,99
76,T76,T76,Tom Gillis,75,155,26,129
77,78,78,Bill Lunde,83,157,127,30
78,79,79,Ricky Barnes,92,158,123,35
79,T80,T80,Davis Love III,64,159,62,97
80,T80,T80,Alexandre Rocha,62,159,115,44
81,T80,T80,Steve Wheatcroft,56,159,90,69
82,83,83,D.A. Points,88,160,105,55
83,84,84,Garth Mulroy,59,162,67,95
84,85,85,Scott Dunlap,57,163,125,38
85,86,86,Rod Pampling,88,164,62,102
86,87,87,David Toms,60,165,91,74
87,T88,T88,David Hearn,95,166,103,63
88,T88,T88,Jhonattan Vegas,77,166,91,75
89,90,90,Jason Kokrak,79,167,91,76
90,91,91,Tim Herron,88,168,133,35
91,92,92,Jerry Kelly,84,169,85,84
92,T93,T93,Ben Crane,73,172,67,105
93,T93,T93,Ernie Els,80,172,119,53
94,T93,T93,Billy Mayfair,90,172,49,123
95,T96,T96,Mathew Goggin,65,183,146,37
96,T96,T96,Zach Johnson,95,183,82,101
97,T96,T96,Charl Schwartzel,56,183,30,153
98,99,99,Charles Howell III,98,185,138,47
99,T100,T100,J.B. Holmes,90,194,80,114
100,T100,T100,Geoff Ogilvy,73,194,61,133
101,T102,T102,Tim Clark,60,202,85,117
102,T102,T102,Ken Duke,104,202,91,111
103,104,104,Stuart Appleby,75,204,98,106
104,105,105,Scott Brown,65,205,91,114
105,106,106,Carl Pettersson,92,213,85,128
106,107,107,Vaughn Taylor,81,214,149,65
107,T108,T108,√Ångel Cabrera,54,215,74,141
108,T108,T108,Gary Woodland,70,215,91,124
109,110,110,Johnson Wagner,88,216,138,78
110,111,111,Erik Compton,81,220,66,154
111,112,112,Luke Donald,63,221,121,100
112,113,113,Matt Every,80,223,155,68
113,T114,T114,Nathan Green,73,224,181,43
114,T114,T114,Mark Wilson,84,224,102,122
115,116,116,William McGirt,96,227,162,65
116,117,117,Danny Lee,74,230,138,92
117,118,118,John Daly,50,232,69,163
118,119,119,Cameron Beckman,81,234,145,89
119,120,120,Kyle Thompson,51,236,128,108
120,121,121,Padraig Harrington,67,237,76,161
121,122,122,Jason Bohn,81,242,130,112
122,123,123,Brian Davis,91,243,105,138
123,T124,T124,Robert Allenby,76,245,165,80
124,T124,T124,Matt Jones,53,245,136,109
125,T124,T124,Chris Stroud,86,245,105,140
126,T127,T127,Kevin Chappell,91,247,126,121
127,T127,T127,Troy Matteson,100,247,123,124
128,129,129,Jimmy Walker,101,250,134,116
129,130,130,Trevor Immelman,76,251,112,139
130,131,131,"Ted Potter, Jr.",77,252,110,142
131,132,132,Dicky Pride,62,255,142,113
132,T133,T133,Kevin Na,80,256,91,165
133,T133,T133,Ian Poulter,57,256,88,168
134,135,135,Hunter Haas,69,259,112,147
135,T136,T136,Miguel Angel Carballo,73,262,156,106
136,T136,T136,Rocco Mediate,70,262,158,104
137,138,138,George McNeill,85,263,115,148
138,139,139,Phil Mickelson,79,264,144,120
139,T140,T140,K.J. Choi,71,265,128,137
140,T140,T140,Troy Kelly,68,265,119,146
141,T142,T142,Tommy Gainey,98,266,108,158
142,T142,T142,Brandt Snedeker,81,266,134,132
143,T144,T144,Gavin Coles,72,267,148,119
144,T144,T144,Jason Day,57,267,98,169
145,146,146,Martin Flores,95,269,143,126
146,T147,T147,Mark Anderson,75,275,146,129
147,T147,T147,Robert Karlsson,54,275,130,145
148,T149,T149,Colt Knost,79,277,115,162
149,T149,T149,Bryce Molder,83,277,174,103
150,T151,T151,Michael Bradley,63,278,190,88
151,T151,T151,Chris DiMarco,83,278,103,175
152,153,153,Harrison Frazar,56,281,110,171
153,154,154,Kevin Kisner,69,284,130,154
154,155,155,Edward Loar,59,285,121,164
155,156,156,Arjun Atwal,79,290,161,129
156,157,157,Jonathan Byrd,69,292,156,136
157,158,158,Stewart Cink,71,294,177,117
158,159,159,Rory Sabbatini,84,297,138,159
159,160,160,Jonas Blixt,72,303,169,134
160,161,161,Nick O'Hern,78,308,165,143
161,162,162,Stephen Ames,54,313,153,160
162,T163,T163,Bob Estes,78,319,163,156
163,T163,T163,Brian Gay,91,319,167,152
164,165,165,Charlie Wi,86,320,136,184
165,166,166,Andres Romero,68,321,151,170
166,167,167,Marc Leishman,84,322,172,150
167,168,168,Michael Thompson,80,323,179,144
168,169,169,David Mathis,83,325,153,172
169,170,170,James Driscoll,83,329,172,157
170,171,171,Patrick Sheehan,58,331,182,149
171,172,172,Daniel Chopra,55,332,149,183
172,173,173,Sangmoon Bae,81,333,151,182
173,174,174,Marco Dawson,60,335,185,150
174,175,175,Freddie Jacobson,61,336,170,166
175,176,176,Greg Chalmers,88,339,158,181
176,177,177,J.J. Killeen,101,345,167,178
177,178,178,Tom Pernice Jr.,62,346,179,167
178,179,179,Aaron Baddeley,73,348,158,190
179,T180,T180,Justin Leonard,79,353,177,176
180,T180,T180,Y.E. Yang,64,353,164,189
181,182,182,Stephen Gangluff,57,357,171,186
182,183,183,Derek Lamely,64,359,182,177
183,184,184,Ryo Ishikawa,54,360,175,185
184,T185,T185,Sung Kang,75,362,176,186
185,T185,T185,Spencer Levin,81,362,189,173
186,187,187,Tommy Biershenk,74,364,184,180
187,T188,T188,Ryuji Imada,78,365,191,174
188,T188,T188,Brendon Todd,78,365,186,179
189,190,190,Matt Bettencourt,80,376,188,188
190,191,191,Billy Hurley III,70,377,186,191
