,Ball_Striking_RANK THIS WEEK,Ball_Striking_RANK LAST WEEK,Ball_Striking_PLAYER NAME,Ball_Striking_ROUNDS,Ball_Striking_VALUE,Ball_Striking_TOTAL DRV RANK,Ball_Striking_GIR RANK
0,1,1,Chad Campbell,105,8,4,4
1,2,2,Mike Heinen,89,9,1,8
2,3,3,Joe Durant,96,11,10,1
3,4,4,John Senden,111,13,6,7
4,5,5,Briny Baird,113,15,13,2
5,6,6,Kenny Perry,98,23,3,20
6,7,7,Robert Allenby,87,24,9,15
7,8,8,Jim Furyk,104,31,25,6
8,9,9,Jeff Brehaut,110,33,17,16
9,10,10,Hal Sutton,81,35,11,24
10,11,11,Vijay Singh,106,39,27,12
11,12,12,David Peoples,96,51,38,13
12,13,13,J.J. Henry,100,55,35,20
13,14,14,Davis Love III,85,56,26,30
14,T15,T15,John Riegger,55,57,19,38
15,T15,T15,Kirk Triplett,92,57,38,19
16,17,17,Harrison Frazar,88,63,12,51
17,18,18,Kent Jones,74,65,24,41
18,T19,T19,David Gossett,92,66,35,31
19,T19,T19,David Sutherland,77,66,56,10
20,T19,T19,Hidemichi Tanaka,112,66,33,33
21,22,22,John Huston,76,67,47,20
22,23,23,Retief Goosen,69,68,59,9
23,24,24,Brian Bateman,70,69,16,53
24,T25,T25,Tom Gillis,71,70,20,50
25,T25,T25,Chris Smith,92,70,52,18
26,T27,T27,Mike Grob,83,71,7,64
27,T27,T27,Tiger Woods,74,71,45,26
28,T29,T29,Mathew Goggin,90,73,28,45
29,T29,T29,Tom Lehman,87,73,68,5
30,T29,T29,Carl Paulson,101,73,2,71
31,T29,T29,Joey Sindelar,93,73,56,17
32,33,33,Brandt Jobe,77,75,28,47
33,34,34,Jerry Kelly,108,76,42,34
34,35,35,Bob Tway,89,77,66,11
35,36,36,Duffy Waldorf,90,80,44,36
36,37,37,Paul Stankowski,67,82,68,14
37,38,38,Ernie Els,65,83,55,28
38,T39,T39,Tommy Armour III,66,85,5,80
39,T39,T39,Peter Jacobsen,75,85,23,62
40,41,41,Craig Barlow,95,87,22,65
41,42,42,Brent Schwarzrock,60,88,14,74
42,43,43,Ian Leggatt,71,92,50,42
43,44,44,Jonathan Kaye,91,94,42,52
44,45,45,Kenneth Staton,59,97,8,89
45,T46,T46,Dan Forsman,98,101,98,3
46,T46,T46,Jeff Sluman,106,101,77,24
47,48,48,Billy Mayfair,105,102,33,69
48,49,49,Cameron Beckman,86,104,49,55
49,T50,T50,Rocco Mediate,80,107,51,56
50,T50,T50,Darron Stiles,93,107,17,90
51,T52,T52,Charles Howell III,120,110,67,43
52,T52,T52,Andrew Magee,91,110,71,39
53,T52,T52,Rod Pampling,87,110,31,79
54,55,55,Heath Slocum,101,111,52,59
55,56,56,Skip Kendall,110,112,40,72
56,57,57,Cliff Kresge,102,121,31,90
57,58,58,Shaun Micheel,97,125,102,23
58,T59,T59,Carlos Franco,99,127,98,29
59,T59,T59,Fred Funk,112,127,70,57
60,61,61,Alex Cejka,98,129,63,66
61,62,62,Marco Dawson,86,130,98,32
62,T63,T63,Glen Day,103,131,85,46
63,T63,T63,Brenden Pappas,105,131,73,58
64,T65,T65,Pat Bates,111,132,95,37
65,T65,T65,Spike McRoy,103,132,105,27
66,67,67,Arron Oberholser,80,134,47,87
67,68,68,J.L. Lewis,99,142,60,82
68,T69,T69,David Toms,90,144,104,40
69,T69,T69,Jay Williamson,93,144,28,116
70,T71,T71,K.J. Choi,112,147,80,67
71,T71,T71,Robert Gamez,114,147,80,67
72,73,73,Garrett Willis,97,148,20,128
73,T74,T74,Jeff Maggert,81,149,52,97
74,T74,T74,Kevin Sutherland,97,149,105,44
75,T76,T76,Tim Herron,102,150,63,87
76,T76,T76,Neal Lancaster,110,150,87,63
77,78,78,Aaron Barber,94,152,71,81
78,79,79,Darren Clarke,61,154,15,139
79,T80,T80,Per-Ulrik Johansson,96,156,63,93
80,T80,T80,Scott Verplank,97,156,103,53
81,T82,T82,Stephen Ames,91,158,124,34
82,T82,T82,Glen Hnatiuk,92,158,85,73
83,84,84,Woody Austin,107,162,114,48
84,85,85,Sergio Garcia,62,165,87,78
85,86,86,Olin Browne,113,169,93,76
86,87,87,Jonathan Byrd,101,171,35,136
87,88,88,Donnie Hammond,92,176,80,96
88,89,89,Bob Estes,92,177,117,60
89,90,90,Patrick Sheehan,101,178,73,105
90,91,91,Tim Petrovic,108,179,87,92
91,92,92,Frank Lickliter II,94,182,80,102
92,T93,T93,Stuart Appleby,90,188,93,95
93,T93,T93,Akio Sadakata,83,188,113,75
94,95,95,Hank Kuehne,73,189,87,102
95,96,96,Tim Clark,79,192,91,101
96,97,97,Chris DiMarco,98,195,134,61
97,98,98,Thomas Levet,85,196,147,49
98,99,99,Mike Weir,80,199,114,85
99,100,100,Brad Elder,51,202,56,146
100,101,101,Phil Mickelson,87,203,95,108
101,102,102,Dicky Pride,73,204,105,99
102,103,103,Richard Johnson,89,207,77,130
103,104,104,Steve Flesch,110,210,140,70
104,105,105,Rory Sabbatini,95,213,76,137
105,106,106,Notah Begay III,92,220,77,143
106,T107,T107,John Daly,56,223,91,132
107,T107,T107,Robert Damron,96,223,73,150
108,T109,T109,Jos√© Coceres,62,224,40,184
109,T109,T109,Peter Lonard,96,224,105,119
110,111,111,Luke Donald,88,228,134,94
111,T112,T112,Justin Leonard,80,229,129,100
112,T112,T112,Adam Scott,52,229,61,168
113,T114,T114,Ben Curtis,69,231,117,114
114,T114,T114,Deane Pappas,75,231,61,170
115,116,116,Mark Wilson,82,234,95,139
116,T117,T117,Rich Beem,80,236,84,152
117,T117,T117,Cameron Yancey,58,236,46,190
118,119,119,Brent Geiberger,51,237,126,111
119,120,120,Michael Clark II,54,239,162,77
120,T121,T121,Steve Lowery,86,241,131,110
121,T121,T121,Esteban Toledo,109,241,157,84
122,123,123,J.P. Hayes,79,245,162,83
123,124,124,Geoff Ogilvy,86,247,139,108
124,125,125,Paul Goydos,86,252,138,114
125,T126,T126,Jason Buha,61,253,128,125
126,T126,T126,Brett Quigley,92,253,167,86
127,T128,T128,Chris Anderson,96,254,121,133
128,T128,T128,Tom Byrum,97,254,98,156
129,T128,T128,Scott McCarron,86,254,110,144
130,131,131,Mike Sposa,72,256,152,104
131,132,132,Mark Calcavecchia,84,260,134,126
132,T133,T133,Doug Barron,90,263,105,158
133,T133,T133,Joel Edwards,60,263,145,118
134,135,135,Paul Gow,62,267,160,107
135,136,136,Fred Couples,71,269,142,127
136,137,137,Shigeki Maruyama,87,271,165,106
137,T138,T138,Stewart Cink,104,273,175,98
138,T138,T138,Loren Roberts,87,273,121,152
139,T140,T140,Ben Crane,94,278,156,122
140,T140,T140,Tom Pernice Jr.,105,278,155,123
141,142,142,Kenichi Kuboya,91,280,150,130
142,143,143,Gene Sauers,87,282,144,138
143,T144,T144,Bob Burns,88,283,141,142
144,T144,T144,Jesper Parnevik,102,283,170,113
145,146,146,Lee Janzen,83,284,172,112
146,147,147,John Morgan,81,285,121,164
147,T148,T148,Jim Carter,95,288,131,157
148,T148,T148,Pat Perez,95,288,129,159
149,T150,T150,Todd Barranger,78,290,110,180
150,T150,T150,Matt Kuchar,63,290,157,133
151,152,152,Steve Allan,53,291,124,167
152,T153,T153,Jason Caron,74,292,119,173
153,T153,T153,John Maginnes,87,292,145,147
154,155,155,Jay Don Blake,77,293,173,120
155,156,156,Jay Haas,89,294,177,117
156,T157,T157,John Rollins,89,300,131,169
157,T157,T157,Dean Wilson,82,300,159,141
158,T159,T159,Gavin Coles,69,301,114,187
159,T159,T159,Jason Gore,83,301,120,181
160,T159,T159,Nick Price,65,301,147,154
161,T159,T159,Ty Tryon,52,301,112,189
162,T163,T163,Dudley Hart,66,304,184,120
163,T163,T163,Corey Pavin,88,304,126,178
164,165,165,Matt Gogel,77,305,160,145
165,166,166,Carl Pettersson,80,306,178,128
166,167,167,Andy Miller,75,308,137,171
167,168,168,Billy Andrade,100,309,185,124
168,169,169,Brian Henninger,56,313,152,161
169,170,170,Vance Veazey,66,314,149,165
170,T171,T171,Scott Laycock,71,317,168,149
171,T171,T171,Craig Perks,82,317,162,155
172,173,173,Paul Azinger,73,321,186,135
173,174,174,Steven Alker,87,325,150,175
174,175,175,David Frost,80,329,178,151
175,T176,T176,Todd Fischer,97,330,182,148
176,T176,T176,Jeff Klein,60,330,142,188
177,178,178,Kaname Yokoo,56,337,152,185
178,179,179,"Dave Stockton, Jr.",79,338,176,162
179,180,180,Mark Brooks,90,342,170,172
180,181,181,Greg Chalmers,98,343,169,174
181,182,182,Brian Gay,100,345,182,163
182,183,183,Anthony Painter,87,347,165,182
183,184,184,Chris Riley,96,349,173,176
184,185,185,Brad Faxon,97,350,190,160
185,186,186,Bernhard Langer,65,353,187,166
186,187,187,Len Mattiace,94,355,178,177
187,188,188,Aaron Baddeley,71,364,181,183
188,189,189,Mark O'Meara,69,367,188,179
189,190,190,Steve Stricker,59,375,189,186
