,Total_Driving_Efficiency_RANK THIS WEEK,Total_Driving_Efficiency_RANK LAST WEEK,Total_Driving_Efficiency_PLAYER NAME,Total_Driving_Efficiency_ROUNDS,Total_Driving_Efficiency_COMBINED RANK,Total_Driving_Efficiency_CARRY EFFICIENCY RANK,Total_Driving_Efficiency_TOTAL DIST. EFFIC. RANK
0,1,1,Justin Rose,62,5,1,4
1,2,2,Peter Hanson,45,6,4,2
2,3,3,Vaughn Taylor,50,10,5,5
3,4,4,Billy Horschel,96,12,5,7
4,T5,T5,Ernie Els,63,17,2,15
5,T5,T5,Mark Wilson,56,17,9,8
6,7,7,Hunter Mahan,91,22,3,19
7,8,8,Nicholas Thompson,99,24,10,14
8,9,9,Nicolas Colsaerts,50,28,8,20
9,10,10,Sean O'Hair,56,36,5,31
10,T11,T11,Ben Crane,62,37,15,22
11,T11,T11,Brian Harman,89,37,13,24
12,T13,T13,David Hearn,88,38,11,27
13,T13,T13,Steve Stricker,51,38,35,3
14,15,15,Chez Reavie,72,40,29,11
15,16,16,Doug LaBelle II,72,41,26,15
16,T17,T17,Jeff Maggert,63,44,39,5
17,T17,T17,David Toms,49,44,16,28
18,19,19,Brian Davis,91,47,39,8
19,T20,T20,Bud Cauley,67,50,18,32
20,T20,T20,Chris Kirk,89,50,12,38
21,22,22,Zach Johnson,84,51,29,22
22,23,23,Andres Romero,63,56,13,43
23,T24,T24,Ryan Palmer,79,60,18,42
24,T24,T24,Bo Van Pelt,72,60,23,37
25,26,26,Keegan Bradley,88,65,18,47
26,27,27,Morgan Hoffmann,64,66,51,15
27,28,28,Scott Piercy,78,70,37,33
28,T29,T29,Dustin Johnson,71,73,33,40
29,T29,T29,Darron Stiles,51,73,65,8
30,31,31,Brian Gay,79,74,56,18
31,T32,T32,Tim Clark,64,75,74,1
32,T32,T32,David Lynn,70,75,62,13
33,T32,T32,Michael Thompson,66,75,41,34
34,35,35,Kevin Stadler,83,83,32,51
35,36,36,Jin Park,52,84,41,43
36,T37,T37,Matt Every,89,86,43,43
37,T37,T37,Brandt Snedeker,79,86,37,49
38,39,39,Carl Pettersson,82,88,48,40
39,40,40,Henrik Stenson,65,93,35,58
40,41,41,Steven Bowditch,67,99,31,68
41,42,42,Russell Henley,80,101,21,80
42,43,43,Ian Poulter,59,103,91,12
43,44,44,Scott Stallings,79,104,23,81
44,45,45,Brian Stuard,78,111,48,63
45,T46,T46,Scott Gardiner,61,114,56,58
46,T46,T46,Brendan Steele,86,114,54,60
47,T48,T48,Ryan Moore,72,115,94,21
48,T48,T48,Jordan Spieth,82,115,86,29
49,50,50,Casey Wittenberg,72,117,56,61
50,51,51,Josh Teater,86,118,21,97
51,T52,T52,Jonas Blixt,76,120,43,77
52,T52,T52,Martin Laird,68,120,25,95
53,54,54,Rory Sabbatini,86,123,26,97
54,55,55,Phil Mickelson,78,126,71,55
55,56,56,James Hahn,78,129,26,103
56,57,57,Kyle Stanley,71,130,46,84
57,58,58,Lee Williams,62,134,88,46
58,59,59,Daniel Summerhays,83,136,112,24
59,60,60,Aaron Watkins,46,137,76,61
60,T61,T61,Jason Day,86,138,16,122
61,T61,T61,Justin Leonard,86,138,109,29
62,T63,T63,Scott Brown,65,141,71,70
63,T63,T63,D.J. Trahan,48,141,107,34
64,T63,T63,Lee Westwood,70,141,68,73
65,66,66,John Huh,88,143,88,55
66,67,67,Shawn Stefani,63,145,54,91
67,T68,T68,J.J. Henry,83,147,59,88
68,T68,T68,Charley Hoffman,84,147,70,77
69,T68,T68,Troy Matteson,68,147,59,88
70,T71,T71,Bob Estes,66,148,114,34
71,T71,T71,Matt Kuchar,93,148,94,54
72,73,73,Charl Schwartzel,69,152,68,84
73,74,74,Andrew Svoboda,46,155,104,51
74,T75,T75,Graeme McDowell,53,156,93,63
75,T75,T75,Geoff Ogilvy,57,156,48,108
76,77,77,Boo Weekley,100,158,107,51
77,T78,T78,Tommy Gainey,84,159,51,108
78,T78,T78,David Lingmerth,68,159,71,88
79,T80,T80,John Merrick,79,162,138,24
80,T80,T80,Vijay Singh,61,162,94,68
81,82,82,Jason Kokrak,78,167,104,63
82,T83,T83,Padraig Harrington,52,168,62,106
83,T83,T83,D.A. Points,87,168,129,39
84,T85,T85,Bryce Molder,82,171,122,49
85,T85,T85,Tiger Woods,61,171,33,138
86,87,87,John Rollins,77,172,77,95
87,T88,T88,Cameron Percy,68,173,103,70
88,T88,T88,Chris Stroud,88,173,51,122
89,90,90,Justin Bolli,59,174,82,92
90,91,91,Ben Curtis,59,175,94,81
91,92,92,Brandt Jobe,62,176,74,102
92,T93,T93,Henrik Norlander,70,177,43,134
93,T93,T93,Charlie Wi,75,177,114,63
94,95,95,Tim Herron,45,178,77,101
95,96,96,Rory McIlroy,56,179,64,115
96,97,97,Jim Herman,59,182,119,63
97,98,98,Lucas Glover,65,183,110,73
98,99,99,Rickie Fowler,75,185,65,120
99,100,100,Y.E. Yang,56,193,116,77
100,101,101,Alistair Presnell,59,195,98,97
101,102,102,Bill Haas,85,197,82,115
102,103,103,Robert Allenby,58,198,77,121
103,104,104,Kevin Chappell,80,199,88,111
104,T105,T105,Jerry Kelly,75,200,130,70
105,T105,T105,Kevin Streelman,86,200,127,73
106,107,107,David Mathis,71,202,110,92
107,108,108,Graham DeLaet,94,205,46,159
108,109,109,Erik Compton,74,208,116,92
109,110,110,Luke Guthrie,82,210,67,143
110,111,111,Brad Fritsch,81,213,102,111
111,112,112,Scott Langley,79,216,169,47
112,T113,T113,K.J. Choi,85,217,160,57
113,T113,T113,Jason Dufner,78,217,144,73
114,T115,T115,Luke Donald,60,218,82,136
115,T115,T115,Charles Howell III,87,218,100,118
116,T117,T117,William McGirt,75,220,86,134
117,T117,T117,Adam Scott,61,220,136,84
118,T119,T119,Jeff Overton,78,223,101,122
119,T119,T119,Dicky Pride,71,223,142,81
120,121,121,Fabián Gómez,65,224,140,84
121,122,122,Bubba Watson,76,226,123,103
122,123,123,Martin Kaymer,61,227,80,147
123,124,124,Robert Garrigus,69,229,59,170
124,125,125,Harris English,95,230,81,149
125,126,126,Stuart Appleby,88,232,125,107
126,T127,T127,Greg Chalmers,77,240,140,100
127,T127,T127,Webb Simpson,92,240,125,115
128,T129,T129,Martin Flores,83,241,123,118
129,T129,T129,Patrick Reed,83,241,98,143
130,131,131,Marc Leishman,77,243,82,161
131,132,132,Jimmy Walker,84,245,119,126
132,133,133,Luke List,65,255,104,151
133,T134,T134,Colt Knost,69,259,148,111
134,T134,T134,Seung-Yul Noh,71,259,91,168
135,136,136,Ben Kohles,75,262,130,132
136,T137,T137,Roberto Castro,97,269,112,157
137,T137,T137,Will Claxton,67,269,138,131
138,T137,T137,Justin Hicks,79,269,158,111
139,140,140,Richard Lee,81,271,135,136
140,141,141,George McNeill,68,273,127,146
141,142,142,Steve LeBrun,66,274,119,155
142,T143,T143,Jim Furyk,80,275,147,128
143,T143,T143,Rod Pampling,46,275,172,103
144,145,145,Gary Woodland,94,277,130,147
145,146,146,Tag Ridings,69,278,137,141
146,147,147,"Ted Potter, Jr.",65,280,158,122
147,148,148,Sangmoon Bae,83,281,153,128
148,149,149,Ángel Cabrera,73,282,130,152
149,T150,T150,Chad Campbell,78,283,156,127
150,T150,T150,Eric Meierdierks,48,283,118,165
151,152,152,Ken Duke,87,284,176,108
152,153,153,Johnson Wagner,64,288,143,145
153,154,154,Aaron Baddeley,68,291,149,142
154,155,155,D.H. Lee,65,295,155,140
155,T156,T156,Jason Bohn,70,296,144,152
156,T156,T156,Robert Streb,75,296,168,128
157,158,158,Matt Jones,83,297,134,163
158,159,159,Ryo Ishikawa,72,298,149,149
159,160,160,Robert Karlsson,56,300,144,156
160,161,161,Camilo Villegas,79,306,173,133
161,162,162,Stephen Ames,49,312,174,138
162,163,163,Nick Watney,88,318,152,166
163,164,164,Brendon de Jonge,110,320,166,154
164,165,165,Stewart Cink,71,322,153,169
165,166,166,Derek Ernst,58,323,160,163
166,167,167,James Driscoll,76,324,149,175
167,168,168,Greg Owen,73,325,163,162
168,169,169,Michael Bradley,56,329,157,172
169,170,170,Freddie Jacobson,63,336,178,158
170,T171,T171,Tom Gillis,69,337,177,160
171,T171,T171,Cameron Tringale,80,337,164,173
172,173,173,Sergio Garcia,65,338,162,176
173,T174,T174,John Senden,79,342,171,171
174,T174,T174,Mike Weir,60,342,175,167
175,T176,T176,Charlie Beljan,62,343,165,178
176,T176,T176,Pat Perez,69,343,166,177
177,178,178,Bobby Gates,49,344,170,174
178,179,179,Ricky Barnes,74,358,179,179
179,180,180,Trevor Immelman,73,360,180,180
